[header]
width=128
height=32
tilewidth=16
tileheight=16
orientation=orthogonal

[tilesets]
tileset=CS3113-master/assets/sprite_sheets/arne_sprites.png,16,16,0,0

[layer]
type=Tile Layer 1
data=
13,13,13,13,97,98,13,13,13,13,13,13,13,13,13,13,13,13,13,13,13,13,13,13,13,13,13,13,13,13,13,13,13,13,13,13,13,13,97,98,13,13,13,13,13,13,13,13,13,13,13,13,13,13,97,98,13,13,13,13,13,13,13,13,13,13,13,13,13,13,13,13,13,13,13,97,98,13,13,13,13,13,13,13,13,13,13,13,97,98,13,13,13,13,13,13,13,13,13,13,13,13,13,13,13,13,13,13,13,13,97,98,13,13,13,13,13,13,13,13,13,13,13,13,13,13,13,13,
13,13,13,13,13,13,13,13,13,13,13,13,13,13,13,13,13,13,13,13,13,13,13,13,13,97,98,13,13,13,13,13,13,13,13,13,13,13,13,13,13,13,13,13,13,13,13,13,13,13,13,13,13,13,13,13,13,13,13,13,13,13,13,13,97,98,13,13,13,13,13,13,13,13,13,13,13,13,13,13,13,13,13,13,13,13,13,13,13,13,13,13,13,13,13,13,13,13,13,13,13,13,13,13,13,13,13,13,13,13,13,13,13,13,13,13,13,13,13,13,13,13,13,13,13,13,13,13,
13,13,13,13,13,13,13,13,13,13,13,13,13,13,13,13,13,13,13,13,13,13,13,13,13,13,13,13,13,13,13,13,13,13,13,13,13,13,13,13,13,13,13,13,13,13,13,13,13,13,13,13,13,13,13,13,13,13,13,13,13,13,13,13,13,13,13,13,13,13,13,13,13,13,13,13,13,13,13,13,13,13,13,13,13,13,13,13,13,13,13,13,13,13,13,13,13,13,13,97,98,13,13,13,13,13,13,13,13,13,13,13,13,13,13,13,13,13,13,13,97,98,13,13,13,13,13,13,
13,13,13,13,13,13,13,13,13,13,13,97,98,13,13,13,13,13,13,13,13,13,13,13,13,13,13,13,13,13,13,13,13,13,13,13,13,13,13,13,13,13,13,13,13,13,13,13,13,13,13,13,13,13,13,13,13,13,13,13,13,13,13,13,13,13,13,13,13,13,13,13,13,13,13,13,13,13,13,13,13,13,13,13,13,13,13,13,13,13,13,13,13,13,13,13,13,13,13,13,13,13,13,13,13,13,13,13,13,13,13,13,13,13,13,13,13,13,13,13,13,13,13,13,13,13,13,13,
13,13,13,13,13,13,13,13,13,13,13,13,13,13,13,13,13,13,13,13,13,13,13,13,13,13,13,13,13,13,13,13,13,13,13,13,13,13,13,13,13,13,13,13,13,13,13,13,13,13,13,13,13,13,13,13,13,13,13,13,13,13,13,13,13,13,13,13,13,13,13,13,13,13,13,13,13,13,13,13,20,20,17,17,20,20,19,19,13,13,13,13,13,13,13,13,13,13,13,13,13,13,13,13,13,13,13,13,13,13,13,13,13,13,13,13,13,13,13,13,13,13,13,13,13,13,13,13,
13,13,13,13,13,13,13,13,13,13,13,13,13,13,13,13,13,13,13,13,13,13,13,13,13,13,13,13,13,13,13,13,13,13,13,13,13,13,13,13,13,13,18,20,18,20,18,17,17,13,13,13,13,13,13,13,13,13,13,13,13,13,13,13,13,13,13,13,13,13,13,13,13,13,13,13,13,13,13,13,13,13,13,13,13,13,13,13,13,13,13,13,13,13,13,13,13,13,13,13,13,13,13,13,13,13,13,13,13,13,13,13,13,13,13,13,13,13,13,13,13,13,13,13,13,13,13,13,
13,13,13,13,13,13,13,13,13,13,13,13,13,13,13,13,13,13,13,13,13,13,13,13,13,13,13,13,13,13,13,13,13,13,13,13,13,13,13,13,13,13,13,13,13,13,13,13,13,13,13,13,13,13,13,13,13,13,13,13,13,13,13,13,13,13,13,13,13,13,13,13,13,13,13,13,13,13,13,13,13,13,13,13,13,13,13,13,13,13,13,13,13,13,13,13,13,13,13,13,13,13,13,13,13,13,13,13,13,13,13,13,13,13,13,13,13,13,13,13,13,13,13,13,13,13,13,13,
13,13,13,13,13,13,13,13,13,13,13,13,13,13,13,13,13,13,13,13,13,13,13,13,13,13,13,13,13,13,13,13,13,13,13,13,13,13,13,13,13,13,13,13,13,13,13,13,13,13,13,13,13,13,13,13,13,13,13,13,13,13,13,13,13,13,13,13,13,13,13,13,13,13,13,13,13,13,13,13,13,13,13,13,13,13,13,13,13,13,13,13,13,13,13,13,13,13,13,13,13,13,13,13,13,13,13,13,13,13,13,13,13,13,13,13,13,13,13,13,13,13,13,13,13,13,0,13,
13,13,13,13,13,13,13,13,13,13,13,13,13,13,13,13,13,13,13,13,13,13,13,13,13,13,13,13,13,13,13,13,19,18,19,17,19,18,18,18,13,13,13,13,13,13,13,13,13,13,13,13,19,18,18,19,18,18,13,13,13,13,13,13,13,13,13,13,13,13,13,17,18,18,18,20,17,17,13,13,13,13,13,13,13,13,13,13,13,13,13,13,17,17,18,20,18,19,18,13,13,13,13,13,13,13,13,13,13,13,13,13,13,13,13,13,13,13,13,13,13,13,13,13,13,13,13,13,
13,13,13,13,13,13,13,13,13,13,13,13,13,13,13,13,13,13,13,13,13,13,13,13,13,13,13,13,13,13,13,13,13,13,13,13,13,13,13,13,13,13,13,13,13,13,13,13,13,13,13,13,13,13,13,13,13,13,13,13,13,13,13,13,13,13,13,13,13,13,13,13,13,13,13,13,13,13,13,13,13,13,13,13,13,13,13,13,13,13,13,13,13,13,13,13,13,13,13,13,13,13,13,13,13,13,13,13,13,13,13,13,13,13,13,13,13,13,13,13,13,13,13,13,13,13,13,13,
13,13,13,13,13,13,13,13,13,13,13,13,13,13,13,13,13,13,13,13,13,13,13,13,13,13,13,13,13,13,13,13,13,13,13,13,13,13,13,13,13,13,13,13,13,13,13,13,13,13,13,13,13,13,13,13,13,13,13,13,13,13,13,13,13,13,13,13,13,13,13,13,13,13,13,13,13,13,13,13,13,13,13,13,13,13,13,13,13,13,13,13,13,13,13,13,13,13,13,13,13,13,13,13,13,13,13,13,13,13,13,13,13,13,13,13,13,13,13,13,13,13,13,13,13,13,13,13,
13,13,13,13,13,13,13,13,13,13,13,13,13,13,13,13,13,13,13,13,19,20,20,20,20,20,17,17,13,13,13,13,13,13,13,13,13,13,13,13,13,13,13,13,13,13,13,13,13,13,13,13,13,13,13,13,13,13,13,13,13,13,13,13,13,13,13,13,13,13,13,13,13,13,13,13,13,13,13,13,13,13,13,13,13,13,13,13,13,13,13,13,13,13,13,13,13,13,13,13,13,13,13,13,13,13,13,13,13,13,13,13,13,13,13,13,13,13,13,13,13,13,13,13,13,13,13,13,
13,13,13,13,13,13,13,13,13,13,13,13,13,13,13,13,13,13,13,13,13,13,13,13,13,13,13,13,13,13,13,13,13,13,13,13,13,13,13,13,13,13,13,13,13,13,13,13,13,13,13,13,13,13,13,13,13,13,13,13,20,17,18,20,18,18,18,13,13,13,13,13,13,13,13,13,13,13,13,13,13,13,13,13,13,13,13,13,13,13,13,13,13,13,13,13,13,13,13,13,13,13,13,17,18,17,18,17,19,20,20,13,13,13,13,13,13,13,13,13,13,13,13,13,13,13,13,13,
13,13,13,13,13,13,13,13,13,13,13,13,13,13,13,13,13,13,13,13,13,13,13,13,13,13,13,13,13,13,13,13,13,13,13,13,13,13,13,13,13,13,13,13,13,13,13,13,13,13,13,13,13,13,13,13,13,13,13,13,13,13,13,13,13,13,13,13,13,13,13,13,13,13,13,13,13,13,13,13,13,13,13,13,13,13,13,13,13,13,13,13,13,13,13,13,13,13,13,13,13,13,13,13,13,13,13,13,13,13,13,13,13,13,13,13,13,13,13,13,13,13,13,13,13,13,50,13,
13,13,13,13,13,13,13,13,13,13,13,13,19,18,18,17,20,20,13,13,13,13,13,13,13,13,13,13,13,13,13,13,13,13,13,13,13,13,13,13,13,13,13,13,13,13,13,13,13,13,13,13,13,13,13,13,13,13,13,13,13,13,13,13,13,13,13,13,13,13,13,13,13,13,13,13,13,13,13,13,13,13,13,13,13,13,13,13,13,13,13,13,13,13,13,13,13,13,13,13,13,13,13,13,13,13,13,13,13,13,13,13,13,13,13,13,13,13,13,13,13,13,13,13,13,13,13,13,
13,13,13,13,13,13,13,13,13,13,13,13,13,13,13,13,13,13,13,13,13,13,13,13,13,13,13,13,13,13,13,13,13,13,13,13,13,13,13,13,13,13,13,13,13,13,13,13,13,13,13,13,13,13,13,13,13,13,13,13,13,13,13,13,13,13,13,13,13,13,13,13,13,13,13,13,13,13,13,13,13,13,13,13,13,13,13,13,13,13,13,13,13,13,13,13,13,13,13,13,13,13,13,13,13,13,13,13,13,13,13,13,13,13,13,13,13,13,13,13,13,13,13,13,20,19,19,19,
13,13,13,13,13,13,13,13,13,13,13,13,13,13,13,13,13,13,13,13,13,13,13,13,13,13,13,13,13,13,13,13,13,13,13,13,13,13,13,13,13,13,13,13,13,13,13,13,13,13,13,13,13,13,13,13,13,13,13,13,13,13,13,13,13,13,13,13,13,13,13,13,13,13,13,13,13,13,13,13,13,13,13,13,13,13,13,13,13,13,13,13,13,13,13,13,13,13,13,13,13,13,13,13,13,13,13,13,13,13,13,13,13,13,13,13,13,13,13,13,13,17,20,33,34,35,33,36,
13,13,13,13,13,13,13,13,13,13,13,13,13,13,13,13,13,13,13,13,13,13,13,13,13,13,13,13,13,13,13,13,13,13,13,13,13,13,13,13,13,13,13,13,13,13,13,13,13,13,13,13,13,13,13,13,13,13,13,13,13,13,13,13,13,13,13,13,13,13,13,13,13,13,13,13,13,13,13,13,13,13,13,13,13,13,13,13,13,13,13,13,13,13,13,13,13,13,13,13,13,13,13,13,13,13,13,13,13,13,13,13,13,13,13,13,13,13,18,20,19,19,33,34,33,35,35,33,
13,13,13,13,13,13,13,13,13,13,13,13,13,13,13,13,13,13,13,13,13,13,13,13,13,13,13,13,13,13,13,13,13,13,13,13,13,13,13,13,13,13,13,13,13,13,13,13,13,13,13,13,13,13,13,13,13,13,13,13,13,13,13,13,13,13,13,13,13,13,13,13,13,13,13,13,13,13,13,13,13,13,13,13,13,13,13,13,13,13,13,13,13,13,13,13,13,13,13,13,13,13,13,13,13,13,13,13,13,13,13,13,13,13,17,19,17,17,35,35,34,36,34,36,33,33,7,35,
13,13,13,13,13,13,13,13,13,13,13,13,13,13,13,13,13,13,13,13,13,13,13,13,13,13,13,13,13,13,13,13,13,13,13,13,13,13,13,13,13,13,13,13,13,13,13,13,13,13,13,13,13,13,13,13,13,13,13,13,13,13,13,13,13,13,13,13,13,13,13,13,13,13,13,13,13,13,13,13,13,13,13,13,13,13,13,13,13,13,13,13,13,13,13,13,13,13,13,13,13,13,13,13,13,13,13,13,13,20,20,17,20,20,17,36,35,36,34,33,33,36,33,34,34,35,36,36,
19,18,18,18,17,18,20,17,19,19,19,18,18,18,19,17,19,17,17,17,17,13,13,13,13,13,18,18,17,19,18,17,19,20,18,20,20,20,17,19,17,20,18,17,18,17,18,19,19,19,13,13,13,13,13,20,18,17,18,18,19,17,18,17,19,20,19,19,20,20,20,19,19,20,20,17,19,18,18,19,19,20,20,13,13,13,13,13,18,20,17,19,19,17,20,20,18,17,20,19,20,17,18,19,17,20,20,17,17,34,35,35,33,33,33,35,35,36,36,36,34,35,34,36,35,36,33,34,
35,33,33,33,35,35,36,36,36,33,33,35,35,34,35,33,35,33,36,36,34,13,13,13,13,13,33,34,33,33,34,34,36,34,36,35,33,33,36,34,33,34,33,34,36,33,35,33,34,35,13,13,13,13,13,36,34,34,34,36,33,36,36,35,35,35,36,36,34,36,36,36,35,35,33,35,34,33,35,35,35,34,33,13,13,13,13,13,36,36,33,34,36,35,36,34,33,35,33,33,33,36,34,35,33,33,36,36,33,34,36,7,36,36,35,35,35,35,36,35,36,35,35,34,33,36,36,35,
35,36,33,33,35,36,7,36,33,36,33,33,34,35,33,34,35,34,34,33,33,13,13,13,13,13,34,35,33,7,35,34,34,36,35,36,36,35,33,33,35,33,35,34,36,34,35,33,7,33,13,13,13,13,13,34,33,33,36,33,34,33,7,36,36,36,36,34,34,33,36,33,34,36,34,36,36,33,35,33,7,34,34,13,13,13,13,13,36,36,36,35,35,34,36,36,36,33,35,35,33,33,34,35,36,35,36,7,36,35,36,33,33,36,36,33,33,34,36,36,34,35,34,33,7,34,34,34,
33,35,35,36,35,36,34,35,33,35,36,36,33,36,34,35,35,35,35,35,35,13,13,13,13,13,34,35,35,34,34,36,36,36,33,7,36,35,35,35,34,34,36,7,35,35,35,36,34,33,13,13,13,13,13,34,36,33,34,35,35,34,33,33,34,35,34,35,33,35,33,33,34,36,34,34,7,33,33,35,36,34,34,13,13,13,13,13,34,34,35,35,35,33,35,35,35,35,36,36,36,35,34,34,34,35,34,33,35,36,36,36,36,35,33,33,35,35,33,34,34,34,34,33,34,36,36,36,
33,33,35,34,34,36,35,34,36,35,35,34,33,33,33,34,34,7,36,36,36,13,13,13,13,13,33,35,33,33,34,33,35,35,34,33,34,35,36,35,35,34,33,34,36,36,35,34,33,34,13,13,13,13,13,33,33,33,35,35,35,35,34,33,33,7,33,33,34,33,36,35,33,35,7,35,33,36,33,35,33,33,7,13,13,13,13,13,33,35,35,35,34,34,34,7,35,33,33,36,33,33,35,36,35,34,35,35,35,36,7,35,34,7,36,7,33,36,36,34,35,7,33,34,33,33,34,34,
35,36,36,36,36,36,36,34,36,7,35,35,35,35,35,35,35,34,34,34,34,13,13,13,13,13,36,33,35,35,36,36,34,35,35,33,36,7,33,34,34,35,36,34,7,34,34,35,36,36,13,13,13,13,13,34,33,34,7,36,36,35,35,36,33,36,34,7,36,34,33,33,35,33,34,35,36,35,34,36,36,33,33,13,13,13,13,13,35,35,35,34,34,35,35,35,35,35,35,36,34,36,36,36,7,34,34,36,36,33,33,36,35,34,36,36,36,36,33,34,34,36,33,36,33,33,36,33,
34,36,36,7,33,33,34,33,36,33,35,35,35,34,33,35,34,33,35,36,33,13,13,13,13,13,34,7,36,33,36,36,34,33,33,33,33,36,34,34,34,35,34,34,34,35,36,34,36,34,13,13,13,13,13,33,33,33,34,34,35,35,36,34,36,35,34,36,36,36,36,36,36,36,35,36,36,33,33,33,33,36,36,13,13,13,13,13,35,35,36,36,36,36,36,36,36,33,34,34,34,35,35,35,35,33,34,35,34,36,33,33,36,36,33,33,36,36,36,36,36,36,36,33,34,35,33,33,
36,35,33,34,33,35,34,33,34,33,34,35,34,36,35,33,33,34,34,34,35,13,13,13,13,13,36,7,35,33,34,34,36,36,35,35,33,7,36,36,34,35,35,36,35,33,36,35,33,33,13,13,13,13,13,35,35,36,36,36,33,33,35,35,36,33,33,33,33,33,35,34,36,33,35,35,36,36,36,35,35,33,35,13,13,13,13,13,33,34,7,35,34,34,34,36,34,34,34,33,33,34,33,34,34,33,34,33,36,35,35,35,34,35,33,36,34,36,7,33,33,36,33,35,36,7,33,35,
35,33,35,36,35,33,34,36,36,35,35,34,36,7,35,34,33,35,35,34,36,13,13,13,13,13,33,33,34,34,36,34,35,33,33,35,34,33,35,33,7,36,36,33,33,35,35,35,7,34,13,13,13,13,13,33,36,35,33,34,34,34,33,34,33,36,33,34,35,35,35,33,33,7,33,33,36,36,35,36,36,36,35,13,13,13,13,13,35,35,35,34,34,35,35,7,35,36,35,35,33,33,33,35,33,35,34,7,33,35,36,35,7,36,36,33,33,35,35,35,35,35,35,35,35,7,36,34,
33,35,35,36,36,34,36,35,36,36,36,36,35,33,7,34,33,33,7,34,34,13,13,13,13,13,33,34,34,34,36,34,35,7,33,35,33,36,36,34,36,36,36,36,34,33,35,36,33,33,13,13,13,13,13,34,34,34,35,33,36,7,34,36,35,35,36,33,33,35,7,34,34,35,33,35,33,36,33,7,34,33,33,13,13,13,13,13,35,33,33,33,33,33,33,34,34,7,34,36,33,36,34,34,35,34,36,7,34,34,34,35,33,35,35,36,7,33,35,34,34,7,34,34,33,35,35,35,
36,36,36,33,35,7,33,36,33,33,33,36,34,34,36,33,36,34,36,33,36,13,13,13,13,13,34,34,34,36,33,34,33,36,34,35,33,33,33,33,33,36,35,34,7,33,35,35,36,34,13,13,13,13,13,35,35,36,33,36,36,35,36,33,34,35,33,33,35,33,33,34,34,35,35,36,36,35,36,33,35,35,35,13,13,13,13,13,35,36,35,36,35,35,34,34,33,34,34,33,36,35,34,36,33,36,7,35,35,36,34,35,34,35,33,33,35,34,35,35,33,34,35,35,33,33,34,36,
36,36,36,34,34,35,36,34,36,35,35,34,35,36,33,34,35,36,33,36,35,12,12,12,12,12,36,35,33,36,35,33,35,34,34,33,34,34,34,36,35,34,36,35,7,7,34,35,33,36,12,12,12,12,12,34,34,35,36,35,33,34,35,35,36,35,36,33,35,36,34,33,35,35,35,36,34,36,36,35,33,36,33,12,12,12,12,12,33,36,33,34,34,33,33,34,35,36,36,35,35,35,34,35,33,35,35,34,35,35,35,35,35,36,33,33,34,36,36,36,35,36,36,34,34,34,36,35

[Object Layer 1]
# player
type=player
location=270,0,0,0
